100
2 3 2
1 1 1
2 1 2
3 2 3
65 5 65
28 10 28
19 12 19
100 9 100
7 11 7
86 7 86
3 3 3
1 18 1
100 3 100
67 2 67
80 8 80
100 2 100
20 8 20
20 6 20
79 5 79
4 20 4
2 4 2
4 2 4
12 1 12
60 10 60
67 1 67
1 27 1
4 3 4
66 2 66
81 9 81
4 18 4
4 4 4
3 37 3
1 92 1
78 7 78
100 4 100
76 1 76
1 3 1
53 2 53
90 6 90
61 7 61
97 3 97
22 8 22
4 1 4
14 7 14
2 15 2
87 2 87
39 4 39
10 18 10
11 7 11
2 2 2
17 2 17
6 10 6
21 8 21
60 3 60
75 1 75
12 16 12
57 1 57
10 4 10
60 1 60
100 1 100
54 7 54
39 8 39
2 56 2
10 5 10
58 6 58
1 11 1
9 13 9
55 8 55
43 3 43
70 5 70
75 5 75
71 4 71
31 11 31
92 1 92
70 8 70
36 5 36
4 29 4
3 11 3
1 100 1
23 12 23
1 46 1
1 2 1
16 1 16
12 2 12
4 11 4
4 13 4
46 8 46
46 7 46
21 9 21
1 4 1
2 22 2
2 59 2
50 5 50
25 12 25
31 10 31
3 4 3
3 1 3
1 9 1
35 4 35
48 4 48
